CATMULL
21
16

1 0
0.92387953 0.38268343
0.70710678 0.70710678
0.38268343 0.92387953
0 1
-0.38268343 0.92387953
-0.70710678 0.70710678
-0.92387953 0.38268343
-1 0
-0.92387953 -0.38268343
-0.70710678 -0.70710678
-0.38268343 -0.92387953
0 -1
0.38268343 -0.92387953
0.70710678 -0.70710678
0.92387953 -0.38268343
1
0 0 1 0
0 0 0

1 0
0.92387953 0.38268343
0.70710678 0.70710678
0.38268343 0.92387953
0 1
-0.38268343 0.92387953
-0.70710678 0.70710678
-0.92387953 0.38268343
-1 0
-0.92387953 -0.38268343
-0.70710678 -0.70710678
-0.38268343 -0.92387953
0 -1
0.38268343 -0.92387953
0.70710678 -0.70710678
0.92387953 -0.38268343
0.8
0 0 1 0
0 0.12 0

1 0
0.92387953 0.38268343
0.70710678 0.70710678
0.38268343 0.92387953
0 1
-0.38268343 0.92387953
-0.70710678 0.70710678
-0.92387953 0.38268343
-1 0
-0.92387953 -0.38268343
-0.70710678 -0.70710678
-0.38268343 -0.92387953
0 -1
0.38268343 -0.92387953
0.70710678 -0.70710678
0.92387953 -0.38268343
1
0 0 1 0
0 0.24 0

1 0
0.92387953 0.38268343
0.70710678 0.70710678
0.38268343 0.92387953
0 1
-0.38268343 0.92387953
-0.70710678 0.70710678
-0.92387953 0.38268343
-1 0
-0.92387953 -0.38268343
-0.70710678 -0.70710678
-0.38268343 -0.92387953
0 -1
0.38268343 -0.92387953
0.70710678 -0.70710678
0.92387953 -0.38268343
0.55
0 0 1 0
0 0.48 0

1 0
0.92387953 0.38268343
0.70710678 0.70710678
0.38268343 0.92387953
0 1
-0.38268343 0.92387953
-0.70710678 0.70710678
-0.92387953 0.38268343
-1 0
-0.92387953 -0.38268343
-0.70710678 -0.70710678
-0.38268343 -0.92387953
0 -1
0.38268343 -0.92387953
0.70710678 -0.70710678
0.92387953 -0.38268343
0.65
0 0 1 0
0 0.54 0

1 0
0.92387953 0.38268343
0.70710678 0.70710678
0.38268343 0.92387953
0 1
-0.38268343 0.92387953
-0.70710678 0.70710678
-0.92387953 0.38268343
-1 0
-0.92387953 -0.38268343
-0.70710678 -0.70710678
-0.38268343 -0.92387953
0 -1
0.38268343 -0.92387953
0.70710678 -0.70710678
0.92387953 -0.38268343
0.6
0 0 1 0
0 0.6 0

1 0
0.92387953 0.38268343
0.70710678 0.70710678
0.38268343 0.92387953
0 1
-0.38268343 0.92387953
-0.70710678 0.70710678
-0.92387953 0.38268343
-1 0
-0.92387953 -0.38268343
-0.70710678 -0.70710678
-0.38268343 -0.92387953
0 -1
0.38268343 -0.92387953
0.70710678 -0.70710678
0.92387953 -0.38268343
0.5
0 0 1 0
0 0.6 0

1 0
0.92387953 0.38268343
0.70710678 0.70710678
0.38268343 0.92387953
0 1
-0.38268343 0.92387953
-0.70710678 0.70710678
-0.92387953 0.38268343
-1 0
-0.92387953 -0.38268343
-0.70710678 -0.70710678
-0.38268343 -0.92387953
0 -1
0.38268343 -0.92387953
0.70710678 -0.70710678
0.92387953 -0.38268343
0.3
0 0 1 0
0 2.4 0

1 0
0.92387953 0.38268343
0.70710678 0.70710678
0.38268343 0.92387953
0 1
-0.38268343 0.92387953
-0.70710678 0.70710678
-0.92387953 0.38268343
-1 0
-0.92387953 -0.38268343
-0.70710678 -0.70710678
-0.38268343 -0.92387953
0 -1
0.38268343 -0.92387953
0.70710678 -0.70710678
0.92387953 -0.38268343
0.65
0 0 1 0
0 2.424 0

1 0
0.92387953 0.38268343
0.70710678 0.70710678
0.38268343 0.92387953
0 1
-0.38268343 0.92387953
-0.70710678 0.70710678
-0.92387953 0.38268343
-1 0
-0.92387953 -0.38268343
-0.70710678 -0.70710678
-0.38268343 -0.92387953
0 -1
0.38268343 -0.92387953
0.70710678 -0.70710678
0.92387953 -0.38268343
0.35
0 0 1 0
0 2.5 0

1 0
0.92387953 0.38268343
0.70710678 0.70710678
0.38268343 0.92387953
0 1
-0.38268343 0.92387953
-0.70710678 0.70710678
-0.92387953 0.38268343
-1 0
-0.92387953 -0.38268343
-0.70710678 -0.70710678
-0.38268343 -0.92387953
0 -1
0.38268343 -0.92387953
0.70710678 -0.70710678
0.92387953 -0.38268343
0.55
0 0 1 0
0 2.57 0

1 0
0.92387953 0.38268343
0.70710678 0.70710678
0.38268343 0.92387953
0 1
-0.38268343 0.92387953
-0.70710678 0.70710678
-0.92387953 0.38268343
-1 0
-0.92387953 -0.38268343
-0.70710678 -0.70710678
-0.38268343 -0.92387953
0 -1
0.38268343 -0.92387953
0.70710678 -0.70710678
0.92387953 -0.38268343
0.3
0 0 1 0
0 2.63 0

1 0
0.92387953 0.38268343
0.70710678 0.70710678
0.38268343 0.92387953
0 1
-0.38268343 0.92387953
-0.70710678 0.70710678
-0.92387953 0.38268343
-1 0
-0.92387953 -0.38268343
-0.70710678 -0.70710678
-0.38268343 -0.92387953
0 -1
0.38268343 -0.92387953
0.70710678 -0.70710678
0.92387953 -0.38268343
0.4
0 0 1 0
0 2.76 0

0 0
0.93969262 0.34202014
0.70710678 0.70710678
0.38268343 0.92387953
0 1
-0.38268343 0.92387953
-0.70710678 0.70710678
-0.92387953 0.38268343
-1 0
-0.92387953 -0.38268343
-0.70710678 -0.70710678
-0.38268343 -0.92387953
0 -1
0.38268343 -0.92387953
0.70710678 -0.70710678
0.93969262 -0.34202014
0.6
-0.5 0 0 1
0 3.4 0

0 0
0.93969262 0.34202014
0.70710678 0.70710678
0.38268343 0.92387953
0 1
-0.38268343 0.92387953
-0.70710678 0.70710678
-0.92387953 0.38268343
-1 0
-0.92387953 -0.38268343
-0.70710678 -0.70710678
-0.38268343 -0.92387953
0 -1
0.38268343 -0.92387953
0.70710678 -0.70710678
0.93969262 -0.34202014
0.3
-0.5 0 0 1
0 3.9 0

0 0
0.93969262 0.34202014
0.70710678 0.70710678
0.38268343 0.92387953
0 1
-0.38268343 0.92387953
-0.70710678 0.70710678
-0.92387953 0.38268343
-1 0
-0.92387953 -0.38268343
-0.70710678 -0.70710678
-0.38268343 -0.92387953
0 -1
0.38268343 -0.92387953
0.70710678 -0.70710678
0.93969262 -0.34202014
0.001
-0.5 0 0 1
-0.1 3.9 0

1 0
0.92387953 0.38268343
0.70710678 0.70710678
0.38268343 0.92387953
0 1
-0.38268343 0.92387953
-0.70710678 0.70710678
-0.92387953 0.38268343
-1 0
-0.92387953 -0.38268343
-0.70710678 -0.70710678
-0.38268343 -0.92387953
0 -1
0.38268343 -0.92387953
0.70710678 -0.70710678
0.92387953 -0.38268343
0.001
0 0 0 1
-0.04 3.9 0

1 0
0.92387953 0.38268343
0.70710678 0.70710678
0.38268343 0.92387953
0 1
-0.38268343 0.92387953
-0.70710678 0.70710678
-0.92387953 0.38268343
-1 0
-0.92387953 -0.38268343
-0.70710678 -0.70710678
-0.38268343 -0.92387953
0 -1
0.38268343 -0.92387953
0.70710678 -0.70710678
0.92387953 -0.38268343
0.11
0 0 0 1
-0.04 4.0 0

1 0
0.92387953 0.38268343
0.70710678 0.70710678
0.38268343 0.92387953
0 1
-0.38268343 0.92387953
-0.70710678 0.70710678
-0.92387953 0.38268343
-1 0
-0.92387953 -0.38268343
-0.70710678 -0.70710678
-0.38268343 -0.92387953
0 -1
0.38268343 -0.92387953
0.70710678 -0.70710678
0.92387953 -0.38268343
0.15
0 0 0 1
-0.04 4.1 0

1 0
0.92387953 0.38268343
0.70710678 0.70710678
0.38268343 0.92387953
0 1
-0.38268343 0.92387953
-0.70710678 0.70710678
-0.92387953 0.38268343
-1 0
-0.92387953 -0.38268343
-0.70710678 -0.70710678
-0.38268343 -0.92387953
0 -1
0.38268343 -0.92387953
0.70710678 -0.70710678
0.92387953 -0.38268343
0.01
0 0 0 1
-0.04 4.21 0

1 0
0.92387953 0.38268343
0.70710678 0.70710678
0.38268343 0.92387953
0 1
-0.38268343 0.92387953
-0.70710678 0.70710678
-0.92387953 0.38268343
-1 0
-0.92387953 -0.38268343
-0.70710678 -0.70710678
-0.38268343 -0.92387953
0 -1
0.38268343 -0.92387953
0.70710678 -0.70710678
0.92387953 -0.38268343
0.001
0 0 0 1
-0.04 4.211 0