CATMULL
15
16

1 0
0.92387953 0.38268343
0.70710678 0.70710678
0.38268343 0.92387953
0 1
-0.38268343 0.92387953
-0.70710678 0.70710678
-0.92387953 0.38268343
-1 0
-0.92387953 -0.38268343
-0.70710678 -0.70710678
-0.38268343 -0.92387953
0 -1
0.38268343 -0.92387953
0.70710678 -0.70710678
0.92387953 -0.38268343
1.1
0 0 1 0
0 0 0

1 0
0.92387953 0.38268343
0.70710678 0.70710678
0.38268343 0.92387953
0 1
-0.38268343 0.92387953
-0.70710678 0.70710678
-0.92387953 0.38268343
-1 0
-0.92387953 -0.38268343
-0.70710678 -0.70710678
-0.38268343 -0.92387953
0 -1
0.38268343 -0.92387953
0.70710678 -0.70710678
0.92387953 -0.38268343
0.85
0 0 1 0
0 0.14 0

1 0
0.92387953 0.38268343
0.70710678 0.70710678
0.38268343 0.92387953
0 1
-0.38268343 0.92387953
-0.70710678 0.70710678
-0.92387953 0.38268343
-1 0
-0.92387953 -0.38268343
-0.70710678 -0.70710678
-0.38268343 -0.92387953
0 -1
0.38268343 -0.92387953
0.70710678 -0.70710678
0.92387953 -0.38268343
1.1
0 0 1 0
0 0.28 0

1 0
0.92387953 0.38268343
0.70710678 0.70710678
0.38268343 0.92387953
0 1
-0.38268343 0.92387953
-0.70710678 0.70710678
-0.92387953 0.38268343
-1 0
-0.92387953 -0.38268343
-0.70710678 -0.70710678
-0.38268343 -0.92387953
0 -1
0.38268343 -0.92387953
0.70710678 -0.70710678
0.92387953 -0.38268343
0.9
0 0 1 0
0 0.5 0

1 0
0.92387953 0.38268343
0.70710678 0.70710678
0.38268343 0.92387953
0 1
-0.38268343 0.92387953
-0.70710678 0.70710678
-0.92387953 0.38268343
-1 0
-0.92387953 -0.38268343
-0.70710678 -0.70710678
-0.38268343 -0.92387953
0 -1
0.38268343 -0.92387953
0.70710678 -0.70710678
0.92387953 -0.38268343
0.82
0 0 1 0
0 1.04 0

1 0
0.92387953 0.38268343
0.70710678 0.70710678
0.38268343 0.92387953
0 1
-0.38268343 0.92387953
-0.70710678 0.70710678
-0.92387953 0.38268343
-1 0
-0.92387953 -0.38268343
-0.70710678 -0.70710678
-0.38268343 -0.92387953
0 -1
0.38268343 -0.92387953
0.70710678 -0.70710678
0.92387953 -0.38268343
0.75
0 0 1 0
0 1.08 0

1 0
0.92387953 0.38268343
0.70710678 0.70710678
0.38268343 0.92387953
0 1
-0.38268343 0.92387953
-0.70710678 0.70710678
-0.92387953 0.38268343
-1 0
-0.92387953 -0.38268343
-0.70710678 -0.70710678
-0.38268343 -0.92387953
0 -1
0.38268343 -0.92387953
0.70710678 -0.70710678
0.92387953 -0.38268343
0.82
0 0 1 0
0 1.12 0

0.8 0
0.7 0.3
0.6 0.6
0.3 0.9
0 0.98
-0.38268343 0.9
-0.7 0.7
-0.92387953 0.2
-1.2 0
-0.92387953 -0.2
-0.7 -0.7
-0.38268343 -0.9
0 -0.98
0.3 -0.9
0.6 -0.6
0.7 -0.3
0.75
0 0 1 0
0 1.3 0

0.8 0
0.7 0.3
0.6 0.6
0.3 0.9
0 0.98
-0.38268343 0.9
-0.7 0.7
-0.92387953 0.2
-1.2 0
-0.92387953 -0.2
-0.7 -0.7
-0.38268343 -0.9
0 -0.98
0.3 -0.9
0.6 -0.6
0.7 -0.3
0.76
0.1 0 0 1
0.1 1.7 0

0.8 0
0.7 0.3
0.6 0.6
0.3 0.9
0 0.98
-0.38268343 0.9
-0.7 0.7
-0.92387953 0.2
-1.2 0
-0.92387953 -0.2
-0.7 -0.7
-0.38268343 -0.9
0 -0.98
0.3 -0.9
0.6 -0.6
0.7 -0.3
0.43
0.3 0 0 1
-0.3 3.1 0

0.8 0
0.7 0.3
0.6 0.6
0.3 0.9
0 0.98
-0.38268343 0.9
-0.7 0.7
-0.92387953 0.2
-1.2 0
-0.92387953 -0.2
-0.7 -0.7
-0.38268343 -0.9
0 -0.98
0.3 -0.9
0.6 -0.6
0.7 -0.3
0.46
-1 0 0 1
-0.32 3.5 0

0.8 0
0.7 0.3
0.6 0.6
0.3 0.9
0 0.98
-0.38268343 0.9
-1 1
-0.92387953 0.2
-1.2 0
-0.92387953 -0.2
-1 -1
-0.38268343 -0.9
0 -0.98
0.3 -0.9
0.6 -0.6
0.7 -0.3
0.6
-1.57 0 0 1
0 3.8 0


0.8 0
0.7 0.3
0.6 0.6
0.3 0.9
0 0.98
-0.38268343 0.9
-0.7 0.7
-0.92387953 0.2
-1.2 0
-0.92387953 -0.2
-0.7 -0.7
-0.38268343 -0.9
0 -0.98
0.3 -0.9
0.6 -0.6
0.7 -0.3
0.4
-2 0 0 1
0.5 3.5 0

0.8 0
0.7 0.3
0.7 0.7
0.3 0.9
0 0.98
-0.38268343 0.9
-0.7 0.7
-0.92387953 0.2
-1.2 0
-0.92387953 -0.2
-0.7 -0.7
-0.38268343 -0.9
0 -0.98
0.3 -0.9
0.7 -0.7
0.7 -0.3
0.3
-2 0 0 1
1 3.3 0

0.8 0
0.7 0.3
0.7 0.7
0.3 0.9
0 0.98
-0.38268343 0.9
-0.7 0.7
-0.92387953 0.2
-1.2 0
-0.92387953 -0.2
-0.7 -0.7
-0.38268343 -0.9
0 -0.98
0.3 -0.9
0.7 -0.7
0.7 -0.3
0.2
-2 0 0 1
1.1 3.2 0