BSPLINE
13
16

1 0
0.92387953 0.38268343
0.70710678 0.70710678
0.38268343 0.92387953
0 1
-0.38268343 0.92387953
-0.70710678 0.70710678
-0.92387953 0.38268343
-1 0
-0.92387953 -0.38268343
-0.70710678 -0.70710678
-0.38268343 -0.92387953
0 -1
0.38268343 -0.92387953
0.70710678 -0.70710678
0.92387953 -0.38268343
1
0 0 1 0
0 0 0

1 0
0.92387953 0.38268343
0.70710678 0.70710678
0.38268343 0.92387953
0 1
-0.38268343 0.92387953
-0.70710678 0.70710678
-0.92387953 0.38268343
-1 0
-0.92387953 -0.38268343
-0.70710678 -0.70710678
-0.38268343 -0.92387953
0 -1
0.38268343 -0.92387953
0.70710678 -0.70710678
0.92387953 -0.38268343
0.8
0 0 1 0
0 0.1 0

1 0
0.92387953 0.38268343
0.70710678 0.70710678
0.38268343 0.92387953
0 1
-0.38268343 0.92387953
-0.70710678 0.70710678
-0.92387953 0.38268343
-1 0
-0.92387953 -0.38268343
-0.70710678 -0.70710678
-0.38268343 -0.92387953
0 -1
0.38268343 -0.92387953
0.70710678 -0.70710678
0.92387953 -0.38268343
1
0 0 1 0
0 0.2 0

1 0
0.92387953 0.38268343
0.70710678 0.70710678
0.38268343 0.92387953
0 1
-0.38268343 0.92387953
-0.70710678 0.70710678
-0.92387953 0.38268343
-1 0
-0.92387953 -0.38268343
-0.70710678 -0.70710678
-0.38268343 -0.92387953
0 -1
0.38268343 -0.92387953
0.70710678 -0.70710678
0.92387953 -0.38268343
0.55
0 0 1 0
0 0.4 0

1 0
0.92387953 0.38268343
0.70710678 0.70710678
0.38268343 0.92387953
0 1
-0.38268343 0.92387953
-0.70710678 0.70710678
-0.92387953 0.38268343
-1 0
-0.92387953 -0.38268343
-0.70710678 -0.70710678
-0.38268343 -0.92387953
0 -1
0.38268343 -0.92387953
0.70710678 -0.70710678
0.92387953 -0.38268343
0.65
0 0 1 0
0 0.45 0

1 0
0.92387953 0.38268343
0.70710678 0.70710678
0.38268343 0.92387953
0 1
-0.38268343 0.92387953
-0.70710678 0.70710678
-0.92387953 0.38268343
-1 0
-0.92387953 -0.38268343
-0.70710678 -0.70710678
-0.38268343 -0.92387953
0 -1
0.38268343 -0.92387953
0.70710678 -0.70710678
0.92387953 -0.38268343
0.6
0 0 1 0
0 0.5 0

1 0
0.92387953 0.38268343
0.70710678 0.70710678
0.38268343 0.92387953
0 1
-0.38268343 0.92387953
-0.70710678 0.70710678
-0.92387953 0.38268343
-1 0
-0.92387953 -0.38268343
-0.70710678 -0.70710678
-0.38268343 -0.92387953
0 -1
0.38268343 -0.92387953
0.70710678 -0.70710678
0.92387953 -0.38268343
0.5
0 0 1 0
0 0.5 0

1 0
0.92387953 0.38268343
0.70710678 0.70710678
0.38268343 0.92387953
0 1
-0.38268343 0.92387953
-0.70710678 0.70710678
-0.92387953 0.38268343
-1 0
-0.92387953 -0.38268343
-0.70710678 -0.70710678
-0.38268343 -0.92387953
0 -1
0.38268343 -0.92387953
0.70710678 -0.70710678
0.92387953 -0.38268343
0.3
0 0 1 0
0 2 0

1 0
0.92387953 0.38268343
0.70710678 0.70710678
0.38268343 0.92387953
0 1
-0.38268343 0.92387953
-0.70710678 0.70710678
-0.92387953 0.38268343
-1 0
-0.92387953 -0.38268343
-0.70710678 -0.70710678
-0.38268343 -0.92387953
0 -1
0.38268343 -0.92387953
0.70710678 -0.70710678
0.92387953 -0.38268343
0.65
0 0 1 0
0 2.02 0

1 0
0.92387953 0.38268343
0.70710678 0.70710678
0.38268343 0.92387953
0 1
-0.38268343 0.92387953
-0.70710678 0.70710678
-0.92387953 0.38268343
-1 0
-0.92387953 -0.38268343
-0.70710678 -0.70710678
-0.38268343 -0.92387953
0 -1
0.38268343 -0.92387953
0.70710678 -0.70710678
0.92387953 -0.38268343
0.3
0 0 1 0
0 2.3 0

1 0
0.92387953 0.38268343
0.70710678 0.70710678
0.38268343 0.92387953
0 1
-0.38268343 0.92387953
-0.70710678 0.70710678
-0.92387953 0.38268343
-1 0
-0.92387953 -0.38268343
-0.70710678 -0.70710678
-0.38268343 -0.92387953
0 -1
0.38268343 -0.92387953
0.70710678 -0.70710678
0.92387953 -0.38268343
0.6
0 0 1 0
0 2.8 0

1 0
0.92387953 0.38268343
0.70710678 0.70710678
0.38268343 0.92387953
0 1
-0.38268343 0.92387953
-0.70710678 0.70710678
-0.92387953 0.38268343
-1 0
-0.92387953 -0.38268343
-0.70710678 -0.70710678
-0.38268343 -0.92387953
0 -1
0.38268343 -0.92387953
0.70710678 -0.70710678
0.92387953 -0.38268343
0.3
0 0 1 0
0 3.3 0

1 0
0.92387953 0.38268343
0.70710678 0.70710678
0.38268343 0.92387953
0 1
-0.38268343 0.92387953
-0.70710678 0.70710678
-0.92387953 0.38268343
-1 0
-0.92387953 -0.38268343
-0.70710678 -0.70710678
-0.38268343 -0.92387953
0 -1
0.38268343 -0.92387953
0.70710678 -0.70710678
0.92387953 -0.38268343
0.05
0 0 1 0
0 3.31 0