BSPLINE
22
16

1 0
0.92387953 0.38268343
0.70710678 0.70710678
0.38268343 0.92387953
0 1
-0.38268343 0.92387953
-0.70710678 0.70710678
-0.92387953 0.38268343
-1 0
-0.92387953 -0.38268343
-0.70710678 -0.70710678
-0.38268343 -0.92387953
0 -1
0.38268343 -0.92387953
0.70710678 -0.70710678
0.92387953 -0.38268343
1
0 0 1 0
0 0 0

1 0
0.92387953 0.38268343
0.70710678 0.70710678
0.38268343 0.92387953
0 1
-0.38268343 0.92387953
-0.70710678 0.70710678
-0.92387953 0.38268343
-1 0
-0.92387953 -0.38268343
-0.70710678 -0.70710678
-0.38268343 -0.92387953
0 -1
0.38268343 -0.92387953
0.70710678 -0.70710678
0.92387953 -0.38268343
0.8
0 0 1 0
0 0.15 0

1 0
0.92387953 0.38268343
0.70710678 0.70710678
0.38268343 0.92387953
0 1
-0.38268343 0.92387953
-0.70710678 0.70710678
-0.92387953 0.38268343
-1 0
-0.92387953 -0.38268343
-0.70710678 -0.70710678
-0.38268343 -0.92387953
0 -1
0.38268343 -0.92387953
0.70710678 -0.70710678
0.92387953 -0.38268343
1
0 0 1 0
0 0.3 0

1 0
0.92387953 0.38268343
0.70710678 0.70710678
0.38268343 0.92387953
0 1
-0.38268343 0.92387953
-0.70710678 0.70710678
-0.92387953 0.38268343
-1 0
-0.92387953 -0.38268343
-0.70710678 -0.70710678
-0.38268343 -0.92387953
0 -1
0.38268343 -0.92387953
0.70710678 -0.70710678
0.92387953 -0.38268343
0.55
0 0 1 0
0 0.6 0

1 0
0.92387953 0.38268343
0.70710678 0.70710678
0.38268343 0.92387953
0 1
-0.38268343 0.92387953
-0.70710678 0.70710678
-0.92387953 0.38268343
-1 0
-0.92387953 -0.38268343
-0.70710678 -0.70710678
-0.38268343 -0.92387953
0 -1
0.38268343 -0.92387953
0.70710678 -0.70710678
0.92387953 -0.38268343
0.65
0 0 1 0
0 0.66 0

1 0
0.92387953 0.38268343
0.70710678 0.70710678
0.38268343 0.92387953
0 1
-0.38268343 0.92387953
-0.70710678 0.70710678
-0.92387953 0.38268343
-1 0
-0.92387953 -0.38268343
-0.70710678 -0.70710678
-0.38268343 -0.92387953
0 -1
0.38268343 -0.92387953
0.70710678 -0.70710678
0.92387953 -0.38268343
0.6
0 0 1 0
0 0.75 0

1 0
0.92387953 0.38268343
0.70710678 0.70710678
0.38268343 0.92387953
0 1
-0.38268343 0.92387953
-0.70710678 0.70710678
-0.92387953 0.38268343
-1 0
-0.92387953 -0.38268343
-0.70710678 -0.70710678
-0.38268343 -0.92387953
0 -1
0.38268343 -0.92387953
0.70710678 -0.70710678
0.92387953 -0.38268343
0.52
0 0 1 0
0 0.75 0

1 0
0.92387953 0.38268343
0.70710678 0.70710678
0.38268343 0.92387953
0 1
-0.38268343 0.92387953
-0.70710678 0.70710678
-0.92387953 0.38268343
-1 0
-0.92387953 -0.38268343
-0.70710678 -0.70710678
-0.38268343 -0.92387953
0 -1
0.38268343 -0.92387953
0.70710678 -0.70710678
0.92387953 -0.38268343
0.37
0 0 1 0
0 1.9 0

1 0
0.92387953 0.38268343
0.70710678 0.70710678
0.38268343 0.92387953
0 1
-0.38268343 0.92387953
-0.70710678 0.70710678
-0.92387953 0.38268343
-1 0
-0.92387953 -0.38268343
-0.70710678 -0.70710678
-0.38268343 -0.92387953
0 -1
0.38268343 -0.92387953
0.70710678 -0.70710678
0.92387953 -0.38268343
0.5
0 0 1 0
0 3 0

1 0
0.92387953 0.38268343
0.70710678 0.70710678
0.38268343 0.92387953
0 1
-0.38268343 0.92387953
-0.70710678 0.70710678
-0.92387953 0.38268343
-1 0
-0.92387953 -0.38268343
-0.70710678 -0.70710678
-0.38268343 -0.92387953
0 -1
0.38268343 -0.92387953
0.70710678 -0.70710678
0.92387953 -0.38268343
0.65
0 0 1 0
0 3.03 0

1 0
0.92387953 0.38268343
0.70710678 0.70710678
0.38268343 0.92387953
0 1
-0.38268343 0.92387953
-0.70710678 0.70710678
-0.92387953 0.38268343
-1 0
-0.92387953 -0.38268343
-0.70710678 -0.70710678
-0.38268343 -0.92387953
0 -1
0.38268343 -0.92387953
0.70710678 -0.70710678
0.92387953 -0.38268343
0.35
0 0 1 0
0 3.12 0

1 0
0.92387953 0.38268343
0.70710678 0.70710678
0.38268343 0.92387953
0 1
-0.38268343 0.92387953
-0.70710678 0.70710678
-0.92387953 0.38268343
-1 0
-0.92387953 -0.38268343
-0.70710678 -0.70710678
-0.38268343 -0.92387953
0 -1
0.38268343 -0.92387953
0.70710678 -0.70710678
0.92387953 -0.38268343
0.45
0 0 1 0
0 3.2 0

1 0
0.92387953 0.38268343
0.70710678 0.70710678
0.38268343 0.92387953
0 1
-0.38268343 0.92387953
-0.70710678 0.70710678
-0.92387953 0.38268343
-1 0
-0.92387953 -0.38268343
-0.70710678 -0.70710678
-0.38268343 -0.92387953
0 -1
0.38268343 -0.92387953
0.70710678 -0.70710678
0.92387953 -0.38268343
0.3
0 0 1 0
0 3.27 0

1 0
0.92387953 0.38268343
0.70710678 0.70710678
0.38268343 0.92387953
0 1
-0.38268343 0.92387953
-0.70710678 0.70710678
-0.92387953 0.38268343
-1 0
-0.92387953 -0.38268343
-0.70710678 -0.70710678
-0.38268343 -0.92387953
0 -1
0.38268343 -0.92387953
0.70710678 -0.70710678
0.92387953 -0.38268343
0.3
0 0 1 0
0 3.4 0

1 0
0.92387953 0.38268343
0.70710678 0.70710678
0.38268343 0.92387953
0 1
-0.38268343 0.92387953
-0.70710678 0.70710678
-0.92387953 0.38268343
-1 0
-0.92387953 -0.38268343
-0.70710678 -0.70710678
-0.38268343 -0.92387953
0 -1
0.38268343 -0.92387953
0.70710678 -0.70710678
0.92387953 -0.38268343
0.35
0 0 1 0
0 3.425 0

1 0
0.92387953 0.38268343
0.70710678 0.70710678
0.38268343 0.92387953
0 1
-0.38268343 0.92387953
-0.70710678 0.70710678
-0.92387953 0.38268343
-1 0
-0.92387953 -0.38268343
-0.70710678 -0.70710678
-0.38268343 -0.92387953
0 -1
0.38268343 -0.92387953
0.70710678 -0.70710678
0.92387953 -0.38268343
0.3
0 0 1 0
0 3.45 0

0.6 0
0.92387953 0.38268343
0.42426407 0.42426407
0.38268343 0.92387953
0 0.6
-0.38268343 0.92387953
-0.42426407 0.42426407
-0.92387953 0.38268343
-0.6 0
-0.92387953 -0.38268343
-0.42426407 -0.42426407
-0.38268343 -0.92387953
0 -0.6
0.38268343 -0.92387953
0.42426407 -0.42426407
0.92387953 -0.38268343
0.63
0 0 1 0
0 3.9 0

0.6 0
0.92387953 0.38268343
0.42426407 0.42426407
0.38268343 0.92387953
0 0.6
-0.38268343 0.92387953
-0.42426407 0.42426407
-0.92387953 0.38268343
-0.6 0
-0.92387953 -0.38268343
-0.42426407 -0.42426407
-0.38268343 -0.92387953
0 -0.6
0.38268343 -0.92387953
0.42426407 -0.42426407
0.92387953 -0.38268343
0.3
0 0 1 0
0 3.8 0

1 0
0.92387953 0.38268343
0.70710678 0.70710678
0.38268343 0.92387953
0 1
-0.38268343 0.92387953
-0.70710678 0.70710678
-0.92387953 0.38268343
-1 0
-0.92387953 -0.38268343
-0.70710678 -0.70710678
-0.38268343 -0.92387953
0 -1
0.38268343 -0.92387953
0.70710678 -0.70710678
0.92387953 -0.38268343
0.1
0 0 1 0
0 4.1 0

1 0
0.92387953 0.38268343
0.70710678 0.70710678
0.38268343 0.92387953
0 1
-0.38268343 0.92387953
-0.70710678 0.70710678
-0.92387953 0.38268343
-1 0
-0.92387953 -0.38268343
-0.70710678 -0.70710678
-0.38268343 -0.92387953
0 -1
0.38268343 -0.92387953
0.70710678 -0.70710678
0.92387953 -0.38268343
0.2
0 0 1 0
0 4.2 0

1 0
0.92387953 0.38268343
0.70710678 0.70710678
0.38268343 0.92387953
0 1
-0.38268343 0.92387953
-0.70710678 0.70710678
-0.92387953 0.38268343
-1 0
-0.92387953 -0.38268343
-0.70710678 -0.70710678
-0.38268343 -0.92387953
0 -1
0.38268343 -0.92387953
0.70710678 -0.70710678
0.92387953 -0.38268343
0.1
0 0 1 0
0 4.3 0

1 0
0.92387953 0.38268343
0.70710678 0.70710678
0.38268343 0.92387953
0 1
-0.38268343 0.92387953
-0.70710678 0.70710678
-0.92387953 0.38268343
-1 0
-0.92387953 -0.38268343
-0.70710678 -0.70710678
-0.38268343 -0.92387953
0 -1
0.38268343 -0.92387953
0.70710678 -0.70710678
0.92387953 -0.38268343
0.01
0 0 1 0
0 4.33 0
