CATMULL
13
16

1 0
0.92387953 0.38268343
0.70710678 0.70710678
0.38268343 0.92387953
0 1
-0.38268343 0.92387953
-0.70710678 0.70710678
-0.92387953 0.38268343
-1 0
-0.92387953 -0.38268343
-0.70710678 -0.70710678
-0.38268343 -0.92387953
0 -1
0.38268343 -0.92387953
0.70710678 -0.70710678
0.92387953 -0.38268343
1.1
0 0 1 0
0 0 0

1 0
0.92387953 0.38268343
0.70710678 0.70710678
0.38268343 0.92387953
0 1
-0.38268343 0.92387953
-0.70710678 0.70710678
-0.92387953 0.38268343
-1 0
-0.92387953 -0.38268343
-0.70710678 -0.70710678
-0.38268343 -0.92387953
0 -1
0.38268343 -0.92387953
0.70710678 -0.70710678
0.92387953 -0.38268343
0.85
0 0 1 0
0 0.14 0

1 0
0.92387953 0.38268343
0.70710678 0.70710678
0.38268343 0.92387953
0 1
-0.38268343 0.92387953
-0.70710678 0.70710678
-0.92387953 0.38268343
-1 0
-0.92387953 -0.38268343
-0.70710678 -0.70710678
-0.38268343 -0.92387953
0 -1
0.38268343 -0.92387953
0.70710678 -0.70710678
0.92387953 -0.38268343
1.1
0 0 1 0
0 0.28 0

1 0
0.92387953 0.38268343
0.70710678 0.70710678
0.38268343 0.92387953
0 1
-0.38268343 0.92387953
-0.70710678 0.70710678
-0.92387953 0.38268343
-1 0
-0.92387953 -0.38268343
-0.70710678 -0.70710678
-0.38268343 -0.92387953
0 -1
0.38268343 -0.92387953
0.70710678 -0.70710678
0.92387953 -0.38268343
0.9
0 0 1 0
0 0.5 0

1 0
0.92387953 0.38268343
0.70710678 0.70710678
0.38268343 0.92387953
0 1
-0.38268343 0.92387953
-0.70710678 0.70710678
-0.92387953 0.38268343
-1 0
-0.92387953 -0.38268343
-0.70710678 -0.70710678
-0.38268343 -0.92387953
0 -1
0.38268343 -0.92387953
0.70710678 -0.70710678
0.92387953 -0.38268343
0.82
0 0 1 0
0 1.04 0

1 0
0.92387953 0.38268343
0.70710678 0.70710678
0.38268343 0.92387953
0 1
-0.38268343 0.92387953
-0.70710678 0.70710678
-0.92387953 0.38268343
-1 0
-0.92387953 -0.38268343
-0.70710678 -0.70710678
-0.38268343 -0.92387953
0 -1
0.38268343 -0.92387953
0.70710678 -0.70710678
0.92387953 -0.38268343
0.75
0 0 1 0
0 1.08 0

1 0
0.92387953 0.38268343
0.70710678 0.70710678
0.38268343 0.92387953
0 1
-0.38268343 0.92387953
-0.70710678 0.70710678
-0.92387953 0.38268343
-1 0
-0.92387953 -0.38268343
-0.70710678 -0.70710678
-0.38268343 -0.92387953
0 -1
0.38268343 -0.92387953
0.70710678 -0.70710678
0.92387953 -0.38268343
0.82
0 0 1 0
0 1.12 0

1 0
0.92387953 0.38268343
0.70710678 0.70710678
0.38268343 0.92387953
0 1
-0.38268343 0.92387953
-0.70710678 0.70710678
-0.92387953 0.38268343
-1 0
-0.92387953 -0.38268343
-0.70710678 -0.70710678
-0.38268343 -0.92387953
0 -1
0.38268343 -0.92387953
0.70710678 -0.70710678
0.92387953 -0.38268343
0.75
0 0 1 0
0 1.3 0

1 0
0.92387953 0.38268343
0.70710678 0.70710678
0.38268343 0.92387953
0 1
-0.38268343 0.92387953
-0.70710678 0.70710678
-0.92387953 0.38268343
-1 0
-0.92387953 -0.38268343
-0.70710678 -0.70710678
-0.38268343 -0.92387953
0 -1
0.38268343 -0.92387953
0.70710678 -0.70710678
0.92387953 -0.38268343
0.62
0 0 1 0
0 3.3 0

1 0
0.76604444 0.64278760
0.3 0.3
0.64278760 0.76604444
0 1
-0.64278760 0.76604444
-0.3 0.3
-0.76604444 0.64278760
-1 0
-0.76604444 -0.64278760
-0.3 -0.3
-0.64278760 -0.76604444
0 -1
0.64278760 -0.76604444
0.3 -0.3
0.76604444 -0.64278760
0.8
0 0 1 0
0 3.4 0

1 0
0.76604444 0.64278760
0.3 0.3
0.64278760 0.76604444
0 1
-0.64278760 0.76604444
-0.3 0.3
-0.76604444 0.64278760
-1 0
-0.76604444 -0.64278760
-0.3 -0.3
-0.64278760 -0.76604444
0 -1
0.64278760 -0.76604444
0.3 -0.3
0.76604444 -0.64278760
0.8
0 0 1 0
0 3.8 0

1 0
0.76604444 0.64278760
0.3 0.3
0.64278760 0.76604444
0 1
-0.64278760 0.76604444
-0.3 0.3
-0.76604444 0.64278760
-1 0
-0.76604444 -0.64278760
-0.3 -0.3
-0.64278760 -0.76604444
0 -1
0.64278760 -0.76604444
0.3 -0.3
0.76604444 -0.64278760
0.7
0 0 1 0
0 3.8 0

1 0
0.76604444 0.64278760
0.3 0.3
0.64278760 0.76604444
0 1
-0.64278760 0.76604444
-0.3 0.3
-0.76604444 0.64278760
-1 0
-0.76604444 -0.64278760
-0.3 -0.3
-0.64278760 -0.76604444
0 -1
0.64278760 -0.76604444
0.3 -0.3
0.76604444 -0.64278760
0.7
0 0 1 0
0 3.5 0